1822 20
1826 4
1829 7
1832 16
1836 9
1809 6
1813 9
1817 5
1820 7
1822 20
1826 4
1829 7
1832 16
1836 9
1809 6
1813 9
1817 5
1820 7
1822 20
1826 4
1829 7
1832 16
1836 9
1809 6
1813 9
1817 5
1820 7
1822 20
1826 4
1829 7
1832 16
1836 9
1809 6
1813 9
1817 5
1820 7
1822 20
1826 4
1829 7
1832 16
1836 9
1809 6
1813 9
1817 5
1820 7
1822 20
1826 4
1829 7
1832 16
1836 9
1809 6
1813 9
1817 5
1820 7
1822 20
1826 4
1829 7
1832 16
1836 9
1809 6
1813 9
1817 5
1820 7
1822 20
1826 4
1829 7
1832 16
1836 9
1809 6
1813 9
1817 5
1820 7
1822 20
1826 4
1829 7
1832 16
1836 9
1809 6
1813 9
1817 5
1820 7
1822 20
1826 4
1829 7
1832 16
1836 9
1809 6
1813 9
1817 5
1820 7
1822 20
1826 4
1829 7
1832 16
1836 9
1809 6
1813 9
1817 5
1820 7
1822 20
1826 4
1829 7
1832 16
1836 9
1809 6
1813 9
1817 5
1820 7
1822 20
1826 4
1829 7
1832 16
1836 9
1809 6
1813 9
1817 5
1820 7
1822 20
1826 4
1829 7
1832 16
1836 9
1809 6
1813 9
1817 5
1820 7
1822 20
1826 4
1838 7
1841 16
1845 4
1852 7
1854 3
1856 3
1858 3
1860 3
1862 3
2848 18
2850 19
2852 19
2855 1
2858 1
1593 17
1595 2
1597 2
1600 1
1603 1
1565 17
1567 2
1569 2
1572 15
1575 8
1480 17
1482 2
1484 2
1486 2
1488 2
1490 2
1493 1
1496 1
1499 15
1502 1
1506 9
1510 5
1513 7
1517 9
1520 15
1627 17
1631 4
1640 8
1522 18
1526 9
1502 7
1506 9
1510 5
1513 7
1517 9
1520 15
1627 17
1631 4
1640 8
1522 18
1526 9
1502 7
1506 9
1510 5
1513 7
1517 9
1520 15
1627 17
1631 4
1640 8
1522 18
1526 9
1502 7
1506 9
1510 5
1513 7
1517 9
1520 15
1627 17
1631 4
1634 8
1637 1
1640 1
1522 18
1526 9
1529 7
1531 3
1533 3
1535 3
1537 3
1539 3
1577 18
1580 7
1583 1
1588 6
1590 3
1592 3
1605 18
1607 3
1609 3
2860 18
2864 4
2870 8
2873 1
2876 15
2878 2
2881 16
2884 1
2887 1
1610 17
1612 2
1614 2
1617 1
1620 1
1565 17
1567 2
1569 2
1572 15
1575 8
1480 17
1482 2
1484 2
1486 2
1488 2
1490 2
1493 1
1496 1
1499 15
1502 1
1506 9
1510 5
1513 7
1517 9
1520 15
1670 17
1672 2
1675 1
1689 17
1691 2
1693 2
1695 2
1697 2
1700 15
1703 15
1707 4
1733 8
1736 1
1738 3
1740 3
1742 3
1744 3
1677 18
1679 3
1688 8
1522 18
1526 9
1502 7
1506 9
1510 5
1513 7
1517 9
1520 15
1670 17
1672 2
1675 1
1689 17
1691 2
1693 2
1695 2
1697 2
1700 15
1703 15
1707 4
1733 8
1736 1
1738 3
1740 3
1742 3
1744 3
1677 18
1679 3
1688 8
1522 18
1526 9
1502 7
1506 9
1510 5
1513 7
1517 9
1520 15
1670 17
1672 2
1675 1
1689 17
1691 2
1693 2
1695 2
1697 2
1700 15
1703 15
1707 4
1733 8
1736 1
1738 3
1740 3
1742 3
1744 3
1677 18
1679 3
1688 8
1522 18
1526 9
1502 7
1506 9
1510 5
1513 7
1517 9
1520 15
1670 17
1672 2
1675 1
1689 17
1691 2
1693 2
1695 2
1697 2
1700 15
1703 15
1707 4
1710 8
1714 13
1717 8
1720 1
1723 1
1480 17
1482 2
1484 2
1486 2
1488 2
1490 2
1493 1
1496 1
1499 15
1502 1
1506 9
1510 5
1513 7
1517 9
1520 15
1641 17
1643 2
1647 9
1651 9
1654 15
1658 4
1661 7
1664 1
1667 1
1669 3
1522 18
1526 9
1529 7
1531 3
1533 3
1535 3
1537 3
1539 3
1725 18
1733 8
1736 1
1738 3
1740 3
1742 3
1744 3
1677 18
1679 3
1688 8
1522 18
1526 9
1502 7
1506 9
1510 5
1513 7
1517 9
1520 15
1670 17
1672 2
1675 1
1689 17
1691 2
1693 2
1695 2
1697 2
1700 15
1703 15
1707 4
1733 8
1736 1
1738 3
1740 3
1742 3
1744 3
1677 18
1679 3
1688 8
1522 18
1526 9
1502 7
1506 9
1510 5
1513 7
1517 9
1520 15
1670 17
1672 2
1675 1
1689 17
1691 2
1693 2
1695 2
1697 2
1700 15
1703 15
1707 4
1733 8
1736 1
1738 3
1740 3
1742 3
1744 3
1677 18
1679 3
1688 8
1522 18
1526 9
1502 7
1506 9
1510 5
1513 7
1517 9
1520 15
1670 17
1672 2
1675 1
1689 17
1691 2
1693 2
1695 2
1697 2
1700 15
1703 15
1707 4
1710 8
1714 13
1717 8
1720 1
1723 1
1480 17
1482 2
1484 2
1486 2
1488 2
1490 2
1493 1
1496 1
1499 15
1502 1
1506 9
1510 5
1513 7
1517 9
1520 15
1641 17
1643 2
1647 9
1651 9
1654 15
1658 4
1667 7
1669 3
1522 18
1526 9
1502 7
1506 9
1510 5
1513 7
1517 9
1520 15
1641 17
1643 2
1647 9
1651 9
1654 15
1658 4
1667 7
1669 3
1522 18
1526 9
1502 7
1506 9
1510 5
1513 7
1517 9
1520 15
1641 17
1643 2
1647 9
1651 9
1654 15
1658 4
1667 7
1669 3
1522 18
1526 9
1502 7
1506 9
1510 5
1529 7
1531 3
1533 3
1535 3
1537 3
1539 3
1725 18
1728 8
1731 1
1736 6
1738 3
1740 3
1742 3
1744 3
1677 18
1679 3
1682 8
1685 1
1688 1
1522 18
1526 9
1529 7
1531 3
1533 3
1535 3
1537 3
1539 3
1577 18
1580 7
1583 1
1588 6
1590 3
1592 3
1622 18
1624 3
1626 3
2889 18
2891 3
2894 16
2898 4
2907 8
2911 9
2915 9
2918 15
2921 15
2925 4
2928 7
2932 10
2935 15
2939 9
2942 8
2946 9
2950 11
2954 9
2957 8
2961 9
2964 16
2972 6
3590 17
3592 2
3594 2
5943 17
5945 2
5947 2
5950 1
5953 1
5956 1
1565 17
1567 2
1569 2
1572 15
1575 8
1480 17
1482 2
1484 2
1486 2
1488 2
1490 2
1493 1
1496 1
1499 15
1502 1
1506 9
1510 5
1513 7
1517 9
1520 15
5986 17
5988 2
5991 1
5995 9
5998 15
1689 17
1691 2
1693 2
1695 2
1697 2
1700 15
1703 15
1707 4
1733 8
1736 1
1738 3
1740 3
1742 3
1744 3
6000 18
6002 3
6011 8
1522 18
1526 9
1502 7
1506 9
1510 5
1513 7
1517 9
1520 15
5986 17
5988 2
5991 1
5995 9
5998 15
1689 17
1691 2
1693 2
1695 2
1697 2
1700 15
1703 15
1707 4
1733 8
1736 1
1738 3
1740 3
1742 3
1744 3
6000 18
6002 3
6011 8
1522 18
1526 9
1502 7
1506 9
1510 5
1513 7
1517 9
1520 15
5986 17
5988 2
5991 1
5995 9
5998 15
1689 17
1691 2
1693 2
1695 2
1697 2
1700 15
1703 15
1707 4
1733 8
1736 1
1738 3
1740 3
1742 3
1744 3
6000 18
6002 3
6011 8
1522 18
1526 9
1502 7
1506 9
1510 5
1513 7
1517 9
1520 15
5986 17
5988 2
5991 1
5995 9
5998 15
1689 17
1691 2
1693 2
1695 2
1697 2
1700 15
1703 15
1707 4
1733 8
1736 1
1738 3
1740 3
1742 3
1744 3
6000 18
6002 3
6011 8
1522 18
1526 9
1502 7
1506 9
1510 5
1513 7
1517 9
1520 15
5986 17
5988 2
5991 1
5995 9
5998 15
1689 17
1691 2
1693 2
1695 2
1697 2
1700 15
1703 15
1707 4
1733 8
1736 1
1738 3
1740 3
1742 3
1744 3
6000 18
6002 3
6011 8
1522 18
1526 9
1502 7
1506 9
1510 5
1513 7
1517 9
1520 15
5986 17
5988 2
5991 1
5995 9
5998 15
1689 17
1691 2
1693 2
1695 2
1697 2
1700 15
1703 15
1707 4
1733 8
1736 1
1738 3
1740 3
1742 3
1744 3
6000 18
6002 3
6011 8
1522 18
1526 9
1502 7
1506 9
1510 5
1513 7
1517 9
1520 15
5986 17
5988 2
5991 1
5995 9
5998 15
1689 17
1691 2
1693 2
1695 2
1697 2
1700 15
1703 15
1707 4
1733 8
1736 1
1738 3
1740 3
1742 3
1744 3
6000 18
6002 3
6011 8
1522 18
1526 9
1502 7
1506 9
1510 5
1513 7
1517 9
1520 15
5986 17
5988 2
5991 1
5995 9
5998 15
1689 17
1691 2
1693 2
1695 2
1697 2
1700 15
1703 15
1707 4
1710 8
1714 13
1717 8
1720 1
1723 1
1480 17
1482 2
1484 2
1486 2
1488 2
1490 2
1493 1
1496 1
1499 15
1502 1
1506 9
1510 5
1513 7
1517 9
1520 15
1641 17
1643 2
1647 9
1651 9
1654 15
1658 4
1661 7
1664 1
1667 1
1669 3
1522 18
1526 9
1529 7
1531 3
1533 3
1535 3
1537 3
1539 3
1725 18
1733 8
1736 1
1738 3
1740 3
1742 3
1744 3
6000 18
6002 3
6011 8
1522 18
1526 9
1502 7
1506 9
1510 5
1513 7
1517 9
1520 15
5986 17
5988 2
5991 1
5995 9
5998 15
1689 17
1691 2
1693 2
1695 2
1697 2
1700 15
1703 15
1707 4
1733 8
1736 1
1738 3
1740 3
1742 3
1744 3
6000 18
6002 3
6011 8
1522 18
1526 9
1502 7
1506 9
1510 5
1513 7
1517 9
1520 15
5986 17
5988 2
5991 1
5995 9
5998 15
1689 17
1691 2
1693 2
1695 2
1697 2
1700 15
1703 15
1707 4
1733 8
1736 1
1738 3
1740 3
1742 3
1744 3
6000 18
6002 3
6011 8
1522 18
1526 9
1502 7
1506 9
1510 5
1513 7
1517 9
1520 15
5986 17
5988 2
5991 1
5995 9
5998 15
1689 17
1691 2
1693 2
1695 2
1697 2
1700 15
1703 15
1707 4
1710 8
1714 13
1717 8
1720 1
1723 1
1480 17
1482 2
1484 2
1486 2
1488 2
1490 2
1493 1
1496 1
1499 15
1502 1
1506 9
1510 5
1513 7
1517 9
1520 15
1641 17
1643 2
1647 9
1651 9
1654 15
1658 4
1667 7
1669 3
1522 18
1526 9
1502 7
1506 9
1510 5
1513 7
1517 9
1520 15
1641 17
1643 2
1647 9
1651 9
1654 15
1658 4
1667 7
1669 3
1522 18
1526 9
1502 7
1506 9
1510 5
1513 7
1517 9
1520 15
1641 17
1643 2
1647 9
1651 9
1654 15
1658 4
1667 7
1669 3
1522 18
1526 9
1502 7
1506 9
1510 5
1513 7
1517 9
1520 15
1641 17
1643 2
1647 9
1651 9
1654 15
1658 4
1667 7
1669 3
1522 18
1526 9
1502 7
1506 9
1510 5
1513 7
1517 9
1520 15
1641 17
1643 2
1647 9
1651 9
1654 15
1658 4
1667 7
1669 3
1522 18
1526 9
1502 7
1506 9
1510 5
1513 7
1517 9
1520 15
1641 17
1643 2
1647 9
1651 9
1654 15
1658 4
1667 7
1669 3
1522 18
1526 9
1502 7
1506 9
1510 5
1513 7
1517 9
1520 15
1641 17
1643 2
1647 9
1651 9
1654 15
1658 4
1667 7
1669 3
1522 18
1526 9
1502 7
1506 9
1510 5
1513 7
1517 9
1520 15
1641 17
1643 2
1647 9
1651 9
1654 15
1658 4
1667 7
1669 3
1522 18
1526 9
1502 7
1506 9
1510 5
1513 7
1517 9
1520 15
1641 17
1643 2
1647 9
1651 9
1654 15
1658 4
1667 7
1669 3
1522 18
1526 9
1502 7
1506 9
1510 5
1513 7
1517 9
1520 15
1641 17
1643 2
1647 9
1651 9
1654 15
1658 4
1667 7
1669 3
1522 18
1526 9
1502 7
1506 9
1510 5
1529 7
1531 3
1533 3
1535 3
1537 3
1539 3
1725 18
1728 8
1731 1
1736 6
1738 3
1740 3
1742 3
1744 3
6000 18
6002 3
6005 8
6008 1
6011 1
1522 18
1526 9
1529 7
1531 3
1533 3
1535 3
1537 3
1539 3
1577 18
1580 7
1583 1
1588 6
1590 3
1592 3
5958 18
5962 4
5965 7
5969 9
5973 9
5976 15
5981 6
5983 3
5985 3
3596 18
3599 8
3603 9
3606 15
3609 7
3613 9
3616 15
3619 8
5467 17
5469 2
5471 2
5473 2
5476 8
5478 2
5480 2
5482 2
5485 1
5488 1
5492 9
1480 17
1482 2
1484 2
1486 2
1488 2
1490 2
1493 1
1496 1
1499 15
1502 1
1506 9
1510 5
1513 7
1517 9
1520 15
1553 17
1555 2
1558 1
2147 17
2149 2
2151 2
2155 12
2158 14
2162 13
2166 12
2168 3
2170 3
1560 18
1562 19
1564 3
1522 18
1526 9
1502 7
1506 9
1510 5
1513 7
1517 9
1520 15
1553 17
1555 2
1558 1
2147 17
2149 2
2151 2
2155 12
2158 14
2162 13
2166 12
2168 3
2170 3
1560 18
1562 19
1564 3
1522 18
1526 9
1502 7
1506 9
1510 5
1513 7
1517 9
1520 15
1553 17
1555 2
1558 1
2147 17
2149 2
2151 2
2155 12
2158 14
2162 13
2166 12
2168 3
2170 3
1560 18
1562 19
1564 3
1522 18
1526 9
1502 7
1506 9
1510 5
1513 7
1517 9
1520 15
1553 17
1555 2
1558 1
2147 17
2149 2
2151 2
2155 12
2158 14
2162 13
2166 12
2168 3
2170 3
1560 18
1562 19
1564 3
1522 18
1526 9
1502 7
1506 9
1510 5
1513 7
1517 9
1520 15
1553 17
1555 2
1558 1
2147 17
2149 2
2151 2
2155 12
2158 14
2162 13
2166 12
2168 3
2170 3
1560 18
1562 19
1564 3
1522 18
1526 9
1502 7
1506 9
1510 5
1513 7
1517 9
1520 15
1553 17
1555 2
1558 1
2147 17
2149 2
2151 2
2155 12
2158 14
2162 13
2166 12
2168 3
2170 3
1560 18
1562 19
1564 3
1522 18
1526 9
1502 7
1506 9
1510 5
1513 7
1517 9
1520 15
1553 17
1555 2
1558 1
2147 17
2149 2
2151 2
2155 12
2158 14
2162 13
2166 12
2168 3
2170 3
1560 18
1562 19
1564 3
1522 18
1526 9
1502 7
1506 9
1510 5
1513 7
1517 9
1520 15
1553 17
1555 2
1558 1
2147 17
2149 2
2151 2
2155 12
2158 14
2162 13
2166 12
2168 3
2170 3
1560 18
1562 19
1564 3
1522 18
1526 9
1502 7
1506 9
1510 5
1513 7
1517 9
1520 15
1553 17
1555 2
1558 1
2147 17
2149 2
2151 2
2155 12
2158 14
2162 13
2166 12
2168 3
2170 3
1560 18
1562 19
1564 3
1522 18
1526 9
1502 7
1506 9
1510 5
1513 7
1517 9
1520 15
1553 17
1555 2
1558 1
2147 17
2149 2
2151 2
2155 12
2158 14
2162 13
2166 12
2168 3
2170 3
1560 18
1562 19
1564 3
1522 18
1526 9
1502 7
1506 9
1510 5
1513 7
1517 9
1520 15
1553 17
1555 2
1558 1
2147 17
2149 2
2151 2
2155 12
2158 14
2162 13
2166 12
2168 3
2170 3
1560 18
1562 19
1564 3
1522 18
1526 9
1502 7
1506 9
1510 5
1513 7
1517 9
1520 15
1553 17
1555 2
1558 1
2147 17
2149 2
2151 2
2155 12
2158 14
2162 13
2166 12
2168 3
2170 3
1560 18
1562 19
1564 3
1522 18
1526 9
1502 7
1506 9
1510 5
1513 7
1517 9
1520 15
1553 17
1555 2
1558 1
2147 17
2149 2
2151 2
2155 12
2158 14
2162 13
2166 12
2168 3
2170 3
1560 18
1562 19
1564 3
1522 18
1526 9
1502 7
1506 9
1510 5
1513 7
1517 9
1520 15
1553 17
1555 2
1558 1
2147 17
2149 2
2151 2
2155 12
2158 14
2162 13
2166 12
2168 3
2170 3
1560 18
1562 19
1564 3
1522 18
1526 9
1502 7
1506 9
1510 5
1513 7
1517 9
1520 15
1553 17
1555 2
1558 1
2147 17
2149 2
2151 2
2155 12
2158 14
2162 13
2166 12
2168 3
2170 3
1560 18
1562 19
1564 3
1522 18
1526 9
1502 7
1506 9
1510 5
1513 7
1517 9
1520 15
1553 17
1555 2
1558 1
2147 17
2149 2
2151 2
2155 12
2158 14
2162 13
2166 12
2168 3
2170 3
1560 18
1562 19
1564 3
1522 18
1526 9
1502 7
1506 9
1510 5
1513 7
1517 9
1520 15
1553 17
1555 2
1558 1
2147 17
2149 2
2151 2
2155 12
2158 14
2162 13
2166 12
2168 3
2170 3
1560 18
1562 19
1564 3
1522 18
1526 9
1502 7
1506 9
1510 5
1513 7
1517 9
1520 15
1553 17
1555 2
1558 1
2147 17
2149 2
2151 2
2155 12
2158 14
2162 13
2166 12
2168 3
2170 3
1560 18
1562 19
1564 3
1522 18
1526 9
1502 7
1506 9
1510 5
1513 7
1517 9
1520 15
1553 17
1555 2
1558 1
2147 17
2149 2
2151 2
2155 12
2158 14
2162 13
2166 12
2168 3
2170 3
1560 18
1562 19
1564 3
1522 18
1526 9
1502 7
1506 9
1510 5
1513 7
1517 9
1520 15
1553 17
1555 2
1558 1
2147 17
2149 2
2151 2
2155 12
2158 14
2162 13
2166 12
2168 3
2170 3
1560 18
1562 19
1564 3
1522 18
1526 9
1502 7
1506 9
1510 5
1513 7
1517 9
1520 15
1553 17
1555 2
1558 1
2147 17
2149 2
2151 2
2155 12
2158 14
2162 13
2166 12
2168 3
2170 3
1560 18
1562 19
1564 3
1522 18
1526 9
1502 7
1506 9
1510 5
1513 7
1517 9
1520 15
1553 17
1555 2
1558 1
2147 17
2149 2
2151 2
2155 12
2158 14
2162 13
2166 12
2168 3
2170 3
1560 18
1562 19
1564 3
1522 18
1526 9
1502 7
1506 9
1510 5
1513 7
1517 9
1520 15
1553 17
1555 2
1558 1
2147 17
2149 2
2151 2
2155 12
2158 14
2162 13
2166 12
2168 3
2170 3
1560 18
1562 19
1564 3
1522 18
1526 9
1502 7
1506 9
1510 5
1513 7
1517 9
1520 15
1553 17
1555 2
1558 1
2147 17
2149 2
2151 2
2155 12
2158 14
2162 13
2166 12
2168 3
2170 3
1560 18
1562 19
1564 3
1522 18
1526 9
1502 7
1506 9
1510 5
1513 7
1517 9
1520 15
1553 17
1555 2
1558 1
2147 17
2149 2
2151 2
2155 12
2158 14
2162 13
2166 12
2168 3
2170 3
1560 18
1562 19
1564 3
1522 18
1526 9
1502 7
1506 9
1510 5
1513 7
1517 9
1520 15
1553 17
1555 2
1558 1
2147 17
2149 2
2151 2
2155 12
2158 14
2162 13
2166 12
2168 3
2170 3
1560 18
1562 19
1564 3
1522 18
1526 9
1502 7
1506 9
1510 5
1513 7
1517 9
1520 15
1553 17
1555 2
1558 1
2147 17
2149 2
2151 2
2155 12
2158 14
2162 13
2166 12
2168 3
2170 3
1560 18
1562 19
1564 3
1522 18
1526 9
1502 7
1506 9
1510 5
1513 7
1517 9
1520 15
1553 17
1555 2
1558 1
2147 17
2149 2
2151 2
2155 12
2158 14
2162 13
2166 12
2168 3
2170 3
1560 18
1562 19
1564 3
1522 18
1526 9
1502 7
1506 9
1510 5
1513 7
1517 9
1520 15
1553 17
1555 2
1558 1
2147 17
2149 2
2151 2
2155 12
2158 14
2162 13
2166 12
2168 3
2170 3
1560 18
1562 19
1564 3
1522 18
1526 9
1502 7
1506 9
1510 5
1513 7
1517 9
1520 15
1553 17
1555 2
1558 1
2147 17
2149 2
2151 2
2155 12
2158 14
2162 13
2166 12
2168 3
2170 3
1560 18
1562 19
1564 3
1522 18
1526 9
1502 7
1506 9
1510 5
1513 7
1517 9
1520 15
1553 17
1555 2
1558 1
2147 17
2149 2
2151 2
2155 12
2158 14
2162 13
2166 12
2168 3
2170 3
1560 18
1562 19
1564 3
1522 18
1526 9
1502 7
1506 9
1510 5
1513 7
1517 9
1520 15
1553 17
1555 2
1558 1
2147 17
2149 2
2151 2
2155 12
2158 14
2162 13
2166 12
2168 3
2170 3
1560 18
1562 19
1564 3
1522 18
1526 9
1502 7
1506 9
1510 5
1513 7
1517 9
1520 15
1553 17
1555 2
1558 1
2147 17
2149 2
2151 2
2155 12
2158 14
2162 13
2166 12
2168 3
2170 3
1560 18
1562 19
1564 3
1522 18
1526 9
1502 7
1506 9
1510 5
1513 7
1517 9
1520 15
1553 17
1555 2
1558 1
2147 17
2149 2
2151 2
2155 12
2158 14
2162 13
2166 12
2168 3
2170 3
1560 18
1562 19
1564 3
1522 18
1526 9
1502 7
1506 9
1510 5
1513 7
1517 9
1520 15
1553 17
1555 2
1558 1
2147 17
2149 2
2151 2
2155 12
2158 14
2162 13
2166 12
2168 3
2170 3
1560 18
1562 19
1564 3
1522 18
1526 9
1502 7
1506 9
1510 5
1513 7
1517 9
1520 15
1553 17
1555 2
1558 1
2147 17
2149 2
2151 2
2155 12
2158 14
2162 13
2166 12
2168 3
2170 3
1560 18
1562 19
1564 3
1522 18
1526 9
1502 7
1506 9
1510 5
1513 7
1517 9
1520 15
1553 17
1555 2
1558 1
2147 17
2149 2
2151 2
2155 12
2158 14
2162 13
2166 12
2168 3
2170 3
1560 18
1562 19
1564 3
1522 18
1526 9
1502 7
1506 9
1510 5
1513 7
1517 9
1520 15
1553 17
1555 2
1558 1
2147 17
2149 2
2151 2
2155 12
2158 14
2162 13
2166 12
2168 3
2170 3
1560 18
1562 19
1564 3
1522 18
1526 9
1502 7
1506 9
1510 5
1513 7
1517 9
1520 15
1553 17
1555 2
1558 1
2147 17
2149 2
2151 2
2155 12
2158 14
2162 13
2166 12
2168 3
2170 3
1560 18
1562 19
1564 3
1522 18
1526 9
1502 7
1506 9
1510 5
1513 7
1517 9
1520 15
1553 17
1555 2
1558 1
2147 17
2149 2
2151 2
2155 12
2158 14
2162 13
2166 12
2168 3
2170 3
1560 18
1562 19
1564 3
1522 18
1526 9
1502 7
1506 9
1510 5
1513 7
1517 9
1520 15
1553 17
1555 2
1558 1
2147 17
2149 2
2151 2
2155 12
2158 14
2162 13
2166 12
2168 3
2170 3
1560 18
1562 19
1564 3
1522 18
1526 9
1502 7
1506 9
1510 5
1513 7
1517 9
1520 15
1553 17
1555 2
1558 1
2147 17
2149 2
2151 2
2155 12
2158 14
2162 13
2166 12
2168 3
2170 3
1560 18
1562 19
1564 3
1522 18
1526 9
1502 7
1506 9
1510 5
1513 7
1517 9
1520 15
1553 17
1555 2
1558 1
2147 17
2149 2
2151 2
2155 12
2158 14
2162 13
2166 12
2168 3
2170 3
1560 18
1562 19
1564 3
1522 18
1526 9
1502 7
1506 9
1510 5
1513 7
1517 9
1520 15
1553 17
1555 2
1558 1
2147 17
2149 2
2151 2
2155 12
2158 14
2162 13
2166 12
2168 3
2170 3
1560 18
1562 19
1564 3
1522 18
1526 9
1502 7
1506 9
1510 5
1513 7
1517 9
1520 15
1553 17
1555 2
1558 1
2147 17
2149 2
2151 2
2155 12
2158 14
2162 13
2166 12
2168 3
2170 3
1560 18
1562 19
1564 3
1522 18
1526 9
1502 7
1506 9
1510 5
1513 7
1517 9
1520 15
1553 17
1555 2
1558 1
2147 17
2149 2
2151 2
2155 12
2158 14
2162 13
2166 12
2168 3
2170 3
1560 18
1562 19
1564 3
1522 18
1526 9
1502 7
1506 9
1510 5
1513 7
1517 9
1520 15
1553 17
1555 2
1558 1
2147 17
2149 2
2151 2
2155 12
2158 14
2162 13
2166 12
2168 3
2170 3
1560 18
1562 19
1564 3
1522 18
1526 9
1502 7
1506 9
1510 5
1513 7
1517 9
1520 15
1553 17
1555 2
1558 1
2147 17
2149 2
2151 2
2155 12
2158 14
2162 13
2166 12
2168 3
2170 3
1560 18
1562 19
1564 3
1522 18
1526 9
1502 7
1506 9
1510 5
1513 7
1517 9
1520 15
1553 17
1555 2
1558 1
2147 17
2149 2
2151 2
2155 12
2158 14
2162 13
2166 12
2168 3
2170 3
1560 18
1562 19
1564 3
1522 18
1526 9
1502 7
1506 9
1510 5
1513 7
1517 9
1520 15
1553 17
1555 2
1558 1
2147 17
2149 2
2151 2
2155 12
2158 14
2162 13
2166 12
2168 3
2170 3
1560 18
1562 19
1564 3
1522 18
1526 9
1502 7
1506 9
1510 5
1513 7
1517 9
1520 15
1553 17
1555 2
1558 1
2147 17
2149 2
2151 2
2155 12
2158 14
2162 13
2166 12
2168 3
2170 3
1560 18
1562 19
1564 3
1522 18
1526 9
1502 7
1506 9
1510 5
1513 7
1517 9
1520 15
1553 17
1555 2
1558 1
2147 17
2149 2
2151 2
2155 12
2158 14
2162 13
2166 12
2168 3
2170 3
1560 18
1562 19
1564 3
1522 18
1526 9
1502 7
1506 9
1510 5
1513 7
1517 9
1520 15
1553 17
1555 2
1558 1
2147 17
2149 2
2151 2
2155 12
2158 14
2162 13
2166 12
2168 3
2170 3
1560 18
1562 19
1564 3
1522 18
1526 9
1502 7
1506 9
1510 5
1513 7
1517 9
1520 15
1553 17
1555 2
1558 1
2147 17
2149 2
2151 2
2155 12
2158 14
2162 13
2166 12
2168 3
2170 3
1560 18
1562 19
1564 3
1522 18
1526 9
1502 7
1506 9
1510 5
1513 7
1517 9
1520 15
1553 17
1555 2
1558 1
2147 17
2149 2
2151 2
2155 12
2158 14
2162 13
2166 12
2168 3
2170 3
1560 18
1562 19
1564 3
1522 18
1526 9
1502 7
1506 9
1510 5
1513 7
1517 9
1520 15
1553 17
1555 2
1558 1
2147 17
2149 2
2151 2
2155 12
2158 14
2162 13
2166 12
2168 3
2170 3
1560 18
1562 19
1564 3
1522 18
1526 9
1502 7
1506 9
1510 5
1513 7
1517 9
1520 15
1553 17
1555 2
1558 1
2147 17
2149 2
2151 2
2155 12
2158 14
2162 13
2166 12
2168 3
2170 3
1560 18
1562 19
1564 3
1522 18
1526 9
1502 7
1506 9
1510 5
1513 7
1517 9
1520 15
1553 17
1555 2
1558 1
2147 17
2149 2
2151 2
2155 12
2158 14
2162 13
2166 12
2168 3
2170 3
1560 18
1562 19
1564 3
1522 18
1526 9
1502 7
1506 9
1510 5
1513 7
1517 9
1520 15
1553 17
1555 2
1558 1
2147 17
2149 2
2151 2
2155 12
2158 14
2162 13
2166 12
2168 3
2170 3
1560 18
1562 19
1564 3
1522 18
1526 9
1502 7
1506 9
1510 5
1513 7
1517 9
1520 15
1553 17
1555 2
1558 1
2147 17
2149 2
2151 2
2155 12
2158 14
2162 13
2166 12
2168 3
2170 3
1560 18
1562 19
1564 3
1522 18
1526 9
1502 7
1506 9
1510 5
1513 7
1517 9
1520 15
1553 17
1555 2
1558 1
2147 17
2149 2
2151 2
2155 12
2158 14
2162 13
2166 12
2168 3
2170 3
1560 18
1562 19
1564 3
1522 18
1526 9
1502 7
1506 9
1510 5
1513 7
1517 9
1520 15
1553 17
1555 2
1558 1
2147 17
2149 2
2151 2
2155 12
2158 14
2162 13
2166 12
2168 3
2170 3
1560 18
1562 19
1564 3
1522 18
1526 9
1502 7
1506 9
1510 5
1513 7
1517 9
1520 15
1553 17
1555 2
1558 1
2147 17
2149 2
2151 2
2155 12
2158 14
2162 13
2166 12
2168 3
2170 3
1560 18
1562 19
1564 3
1522 18
1526 9
1502 7
1506 9
1510 5
1513 7
1517 9
1520 15
1553 17
1555 2
1558 1
2147 17
2149 2
2151 2
2155 12
2158 14
2162 13
2166 12
2168 3
2170 3
1560 18
1562 19
1564 3
1522 18
1526 9
1502 7
1506 9
1510 5
1513 7
1517 9
1520 15
1553 17
1555 2
1558 1
2147 17
2149 2
2151 2
2155 12
2158 14
2162 13
2166 12
2168 3
2170 3
1560 18
1562 19
1564 3
1522 18
1526 9
1502 7
1506 9
1510 5
1513 7
1517 9
1520 15
1553 17
1555 2
1558 1
2147 17
2149 2
2151 2
2155 12
2158 14
2162 13
2166 12
2168 3
2170 3
1560 18
1562 19
1564 3
1522 18
1526 9
1502 7
1506 9
1510 5
1513 7
1517 9
1520 15
1553 17
1555 2
1558 1
2147 17
2149 2
2151 2
2155 12
2158 14
2162 13
2166 12
2168 3
2170 3
1560 18
1562 19
1564 3
1522 18
1526 9
1502 7
1506 9
1510 5
1513 7
1517 9
1520 15
1553 17
1555 2
1558 1
2147 17
2149 2
2151 2
2155 12
2158 14
2162 13
2166 12
2168 3
2170 3
1560 18
1562 19
1564 3
1522 18
1526 9
1502 7
1506 9
1510 5
1513 7
1517 9
1520 15
1553 17
1555 2
1558 1
2147 17
2149 2
2151 2
2155 12
2158 14
2162 13
2166 12
2168 3
2170 3
1560 18
1562 19
1564 3
1522 18
1526 9
1502 7
1506 9
1510 5
1513 7
1517 9
1520 15
1553 17
1555 2
1558 1
2147 17
2149 2
2151 2
2155 12
2158 14
2162 13
2166 12
2168 3
2170 3
1560 18
1562 19
1564 3
1522 18
1526 9
1502 7
1506 9
1510 5
1513 7
1517 9
1520 15
1553 17
1555 2
1558 1
2147 17
2149 2
2151 2
2155 12
2158 14
2162 13
2166 12
2168 3
2170 3
1560 18
1562 19
1564 3
1522 18
1526 9
1502 7
1506 9
1510 5
1513 7
1517 9
1520 15
1553 17
1555 2
1558 1
2147 17
2149 2
2151 2
2155 12
2158 14
2162 13
2166 12
2168 3
2170 3
1560 18
1562 19
1564 3
1522 18
1526 9
1502 7
1506 9
1510 5
1513 7
1517 9
1520 15
1553 17
1555 2
1558 1
2147 17
2149 2
2151 2
2155 12
2158 14
2162 13
2166 12
2168 3
2170 3
1560 18
1562 19
1564 3
1522 18
1526 9
1502 7
1506 9
1510 5
1513 7
1517 9
1520 15
1553 17
1555 2
1558 1
2147 17
2149 2
2151 2
2155 12
2158 14
2162 13
2166 12
2168 3
2170 3
1560 18
1562 19
1564 3
1522 18
1526 9
1502 7
1506 9
1510 5
1513 7
1517 9
1520 15
1553 17
1555 2
1558 1
2147 17
2149 2
2151 2
2155 12
2158 14
2162 13
2166 12
2168 3
2170 3
1560 18
1562 19
1564 3
1522 18
1526 9
1502 7
1506 9
1510 5
1513 7
1517 9
1520 15
1553 17
1555 2
1558 1
2147 17
2149 2
2151 2
2155 12
2158 14
2162 13
2166 12
2168 3
2170 3
1560 18
1562 19
1564 3
1522 18
1526 9
1502 7
1506 9
1510 5
1513 7
1517 9
1520 15
1553 17
1555 2
1558 1
2147 17
2149 2
2151 2
2155 12
2158 14
2162 13
2166 12
2168 3
2170 3
1560 18
1562 19
1564 3
1522 18
1526 9
1502 7
1506 9
1510 5
1513 7
1517 9
1520 15
1553 17
1555 2
1558 1
2147 17
2149 2
2151 2
2155 12
2158 14
2162 13
2166 12
2168 3
2170 3
1560 18
1562 19
1564 3
1522 18
1526 9
1502 7
1506 9
1510 5
1513 7
1517 9
1520 15
1553 17
1555 2
1558 1
2147 17
2149 2
2151 2
2155 12
2158 14
2162 13
2166 12
2168 3
2170 3
1560 18
1562 19
1564 3
1522 18
1526 9
1502 7
1506 9
1510 5
1513 7
1517 9
1520 15
1553 17
1555 2
1558 1
2147 17
2149 2
2151 2
2155 12
2158 14
2162 13
2166 12
2168 3
2170 3
1560 18
1562 19
1564 3
1522 18
1526 9
1502 7
1506 9
1510 5
1513 7
1517 9
1520 15
1553 17
1555 2
1558 1
2147 17
2149 2
2151 2
2155 12
2158 14
2162 13
2166 12
2168 3
2170 3
1560 18
1562 19
1564 3
1522 18
1526 9
1502 7
1506 9
1510 5
1513 7
1517 9
1520 15
1553 17
1555 2
1558 1
2147 17
2149 2
2151 2
2155 12
2158 14
2162 13
2166 12
2168 3
2170 3
1560 18
1562 19
1564 3
1522 18
1526 9
1502 7
1506 9
1510 5
1513 7
1517 9
1520 15
1553 17
1555 2
1558 1
2147 17
2149 2
2151 2
2155 12
2158 14
2162 13
2166 12
2168 3
2170 3
1560 18
1562 19
1564 3
1522 18
1526 9
1502 7
1506 9
1510 5
1513 7
1517 9
1520 15
1553 17
1555 2
1558 1
2147 17
2149 2
2151 2
2155 12
2158 14
2162 13
2166 12
2168 3
2170 3
1560 18
1562 19
1564 3
1522 18
1526 9
1502 7
1506 9
1510 5
1513 7
1517 9
1520 15
1553 17
1555 2
1558 1
2147 17
2149 2
2151 2
2155 12
2158 14
2162 13
2166 12
2168 3
2170 3
1560 18
1562 19
1564 3
1522 18
1526 9
1502 7
1506 9
1510 5
1513 7
1517 9
1520 15
1553 17
1555 2
1558 1
2147 17
2149 2
2151 2
2155 12
2158 14
2162 13
2166 12
2168 3
2170 3
1560 18
1562 19
1564 3
1522 18
1526 9
1502 7
1506 9
1510 5
1513 7
1517 9
1520 15
1553 17
1555 2
1558 1
2147 17
2149 2
2151 2
2155 12
2158 14
2162 13
2166 12
2168 3
2170 3
1560 18
1562 19
1564 3
1522 18
1526 9
1502 7
1506 9
1510 5
1513 7
1517 9
1520 15
1553 17
1555 2
1558 1
2147 17
2149 2
2151 2
2155 12
2158 14
2162 13
2166 12
2168 3
2170 3
1560 18
1562 19
1564 3
1522 18
1526 9
1502 7
1506 9
1510 5
1513 7
1517 9
1520 15
1553 17
1555 2
1558 1
2147 17
2149 2
2151 2
2155 12
2158 14
2162 13
2166 12
2168 3
2170 3
1560 18
1562 19
1564 3
1522 18
1526 9
1502 7
1506 9
1510 5
1513 7
1517 9
1520 15
1553 17
1555 2
1558 1
2147 17
2149 2
2151 2
2155 12
2158 14
2162 13
2166 12
2168 3
2170 3
1560 18
1562 19
1564 3
1522 18
1526 9
1502 7
1506 9
1510 5
1513 7
1517 9
1520 15
1553 17
1555 2
1558 1
2147 17
2149 2
2151 2
2155 12
2158 14
2162 13
2166 12
2168 3
2170 3
1560 18
1562 19
1564 3
1522 18
1526 9
1502 7
1506 9
1510 5
1513 7
1517 9
1520 15
1553 17
1555 2
1558 1
2147 17
2149 2
2151 2
2155 12
2158 14
2162 13
2166 12
2168 3
2170 3
1560 18
1562 19
1564 3
1522 18
1526 9
1502 7
1506 9
1510 5
1513 7
1517 9
1520 15
1553 17
1555 2
1558 1
2147 17
2149 2
2151 2
2155 12
2158 14
2162 13
2166 12
2168 3
2170 3
1560 18
1562 19
1564 3
1522 18
1526 9
1502 7
1506 9
1510 5
1513 7
1517 9
1520 15
1553 17
1555 2
1558 1
2147 17
2149 2
2151 2
2155 12
2158 14
2162 13
2166 12
2168 3
2170 3
1560 18
1562 19
1564 3
1522 18
1526 9
1502 7
1506 9
1510 5
1513 7
1517 9
1520 15
1553 17
1555 2
1558 1
2147 17
2149 2
2151 2
2155 12
2158 14
2162 13
2166 12
2168 3
2170 3
1560 18
1562 19
1564 3
1522 18
1526 9
1502 7
1506 9
1510 5
1513 7
1517 9
1520 15
1553 17
1555 2
1558 1
2147 17
2149 2
2151 2
2155 12
2158 14
2162 13
2166 12
2168 3
2170 3
1560 18
1562 19
1564 3
1522 18
1526 9
1502 7
1506 9
1510 5
1513 7
1517 9
1520 15
1553 17
1555 2
1558 1
2147 17
2149 2
2151 2
2155 12
2158 14
2162 13
2166 12
2168 3
2170 3
1560 18
1562 19
1564 3
1522 18
1526 9
1502 7
1506 9
1510 5
1513 7
1517 9
1520 15
1553 17
1555 2
1558 1
2147 17
2149 2
2151 2
2155 12
2158 14
2162 13
2166 12
2168 3
2170 3
1560 18
1562 19
1564 3
1522 18
1526 9
1502 7
1506 9
1510 5
1513 7
1517 9
1520 15
1553 17
1555 2
1558 1
2147 17
2149 2
2151 2
2155 12
2158 14
2162 13
2166 12
2168 3
2170 3
1560 18
1562 19
1564 3
1522 18
1526 9
1502 7
1506 9
1510 5
1513 7
1517 9
1520 15
1553 17
1555 2
1558 1
2147 17
2149 2
2151 2
2155 12
2158 14
2162 13
2166 12
2168 3
2170 3
1560 18
1562 19
1564 3
1522 18
1526 9
1502 7
1506 9
1510 5
1513 7
1517 9
1520 15
1553 17
1555 2
1558 1
2147 17
2149 2
2151 2
2155 12
2158 14
2162 13
2166 12
2168 3
2170 3
1560 18
1562 19
1564 3
1522 18
1526 9
1502 7
1506 9
1510 5
1513 7
1517 9
1520 15
1553 17
1555 2
1558 1
2147 17
2149 2
2151 2
2155 12
2158 14
2162 13
2166 12
2168 3
2170 3
1560 18
1562 19
1564 3
1522 18
1526 9
1502 7
1506 9
1510 5
1513 7
1517 9
1520 15
1553 17
1555 2
1558 1
2147 17
2149 2
2151 2
2155 12
2158 14
2162 13
2166 12
2168 3
2170 3
1560 18
1562 19
1564 3
1522 18
1526 9
1502 7
1506 9
1510 5
1513 7
1517 9
1520 15
1553 17
1555 2
1558 1
2147 17
2149 2
2151 2
2155 12
2158 14
2162 13
2166 12
2168 3
2170 3
1560 18
1562 19
1564 3
1522 18
1526 9
1502 7
1506 9
1510 5
1513 7
1517 9
1520 15
1553 17
1555 2
1558 1
2147 17
2149 2
2151 2
2155 12
2158 14
2162 13
2166 12
2168 3
2170 3
1560 18
1562 19
1564 3
1522 18
1526 9
1502 7
1506 9
1510 5
1513 7
1517 9
1520 15
1553 17
1555 2
1558 1
2147 17
2149 2
2151 2
2155 12
2158 14
2162 13
2166 12
2168 3
2170 3
1560 18
1562 19
1564 3
1522 18
1526 9
1502 7
1506 9
1510 5
1513 7
1517 9
1520 15
1553 17
1555 2
1558 1
2147 17
2149 2
2151 2
2155 12
2158 14
2162 13
2166 12
2168 3
2170 3
1560 18
1562 19
1564 3
1522 18
1526 9
1502 7
1506 9
1510 5
1513 7
1517 9
1520 15
1553 17
1555 2
1558 1
2147 17
2149 2
2151 2
2155 12
2158 14
2162 13
2166 12
2168 3
2170 3
1560 18
1562 19
1564 3
1522 18
1526 9
1502 7
1506 9
1510 5
1513 7
1517 9
1520 15
1553 17
1555 2
1558 1
2147 17
2149 2
2151 2
2155 12
2158 14
2162 13
2166 12
2168 3
2170 3
1560 18
1562 19
1564 3
1522 18
1526 9
1502 7
1506 9
1510 5
1513 7
1517 9
1520 15
1553 17
1555 2
1558 1
2147 17
2149 2
2151 2
2155 12
2158 14
2162 13
2166 12
2168 3
2170 3
1560 18
1562 19
1564 3
1522 18
1526 9
1502 7
1506 9
1510 5
1513 7
1517 9
1520 15
1553 17
1555 2
1558 1
2147 17
2149 2
2151 2
2155 12
2158 14
2162 13
2166 12
2168 3
2170 3
1560 18
1562 19
1564 3
1522 18
1526 9
1502 7
1506 9
1510 5
1513 7
1517 9
1520 15
1553 17
1555 2
1558 1
2147 17
2149 2
2151 2
2155 12
2158 14
2162 13
2166 12
2168 3
2170 3
1560 18
1562 19
1564 3
1522 18
1526 9
1502 7
1506 9
1510 5
1513 7
1517 9
1520 15
1553 17
1555 2
1558 1
2147 17
2149 2
2151 2
2155 12
2158 14
2162 13
2166 12
2168 3
2170 3
1560 18
1562 19
1564 3
1522 18
1526 9
1502 7
1506 9
1510 5
1513 7
1517 9
1520 15
1553 17
1555 2
1558 1
2147 17
2149 2
2151 2
2155 12
2158 14
2162 13
2166 12
2168 3
2170 3
1560 18
1562 19
1564 3
1522 18
1526 9
1502 7
1506 9
1510 5
1513 7
1517 9
1520 15
1553 17
1555 2
1558 1
2147 17
2149 2
2151 2
2155 12
2158 14
2162 13
2166 12
2168 3
2170 3
1560 18
1562 19
1564 3
1522 18
1526 9
1502 7
1506 9
1510 5
1513 7
1517 9
1520 15
1553 17
1555 2
1558 1
2147 17
2149 2
2151 2
2155 12
2158 14
2162 13
2166 12
2168 3
2170 3
1560 18
1562 19
1564 3
1522 18
1526 9
1502 7
1506 9
1510 5
1513 7
1517 9
1520 15
1553 17
1555 2
1558 1
2147 17
2149 2
2151 2
2155 12
2158 14
2162 13
2166 12
2168 3
2170 3
1560 18
1562 19
1564 3
1522 18
1526 9
1502 7
1506 9
1510 5
1513 7
1517 9
1520 15
1553 17
1555 2
1558 1
2147 17
2149 2
2151 2
2155 12
2158 14
2162 13
2166 12
2168 3
2170 3
1560 18
1562 19
1564 3
1522 18
1526 9
1502 7
1506 9
1510 5
1513 7
1517 9
1520 15
1553 17
1555 2
1558 1
2147 17
2149 2
2151 2
2155 12
2158 14
2162 13
2166 12
2168 3
2170 3
1560 18
1562 19
1564 3
1522 18
1526 9
1502 7
1506 9
1510 5
1513 7
1517 9
1520 15
1553 17
1555 2
1558 1
2147 17
2149 2
2151 2
2155 12
2158 14
2162 13
2166 12
2168 3
2170 3
1560 18
1562 19
1564 3
1522 18
1526 9
1502 7
1506 9
1510 5
1513 7
1517 9
1520 15
1553 17
1555 2
1558 1
2147 17
2149 2
2151 2
2155 12
2158 14
2162 13
2166 12
2168 3
2170 3
1560 18
1562 19
1564 3
1522 18
1526 9
1502 7
1506 9
1510 5
1513 7
1517 9
1520 15
1553 17
1555 2
1558 1
2147 17
2149 2
2151 2
2155 12
2158 14
2162 13
2166 12
2168 3
2170 3
1560 18
1562 19
1564 3
1522 18
1526 9
1502 7
1506 9
1510 5
1513 7
1517 9
1520 15
1553 17
1555 2
1558 1
2147 17
2149 2
2151 2
2155 12
2158 14
2162 13
2166 12
2168 3
2170 3
1560 18
1562 19
1564 3
1522 18
1526 9
1502 7
1506 9
1510 5
1513 7
1517 9
1520 15
1553 17
1555 2
1558 1
2147 17
2149 2
2151 2
2155 12
2158 14
2162 13
2166 12
2168 3
2170 3
1560 18
1562 19
1564 3
1522 18
1526 9
1502 7
1506 9
1510 5
1513 7
1517 9
1520 15
1553 17
1555 2
1558 1
2147 17
2149 2
2151 2
2155 12
2158 14
2162 13
2166 12
2168 3
2170 3
1560 18
1562 19
1564 3
1522 18
1526 9
1502 7
1506 9
1510 5
1513 7
1517 9
1520 15
1553 17
1555 2
1558 1
2147 17
2149 2
2151 2
2155 12
2158 14
2162 13
2166 12
2168 3
2170 3
1560 18
1562 19
1564 3
1522 18
1526 9
1502 7
1506 9
1510 5
1513 7
1517 9
1520 15
1553 17
1555 2
1558 1
2147 17
2149 2
2151 2
2155 12
2158 14
2162 13
2166 12
2168 3
2170 3
1560 18
1562 19
1564 3
1522 18
1526 9
1502 7
1506 9
1510 5
1513 7
1517 9
1520 15
1553 17
1555 2
1558 1
2147 17
2149 2
2151 2
2155 12
2158 14
2162 13
2166 12
2168 3
2170 3
1560 18
1562 19
1564 3
1522 18
1526 9
1502 7
1506 9
1510 5
1513 7
1517 9
1520 15
1553 17
1555 2
1558 1
2147 17
2149 2
2151 2
2155 12
2158 14
2162 13
2166 12
2168 3
2170 3
1560 18
1562 19
1564 3
1522 18
1526 9
1502 7
1506 9
1510 5
1513 7
1517 9
1520 15
1553 17
1555 2
1558 1
2147 17
2149 2
2151 2
2155 12
2158 14
2162 13
2166 12
2168 3
2170 3
1560 18
1562 19
1564 3
1522 18
1526 9
1502 7
1506 9
1510 5
1513 7
1517 9
1520 15
1553 17
1555 2
1558 1
2147 17
2149 2
2151 2
2155 12
2158 14
2162 13
2166 12
2168 3
2170 3
1560 18
1562 19
1564 3
1522 18
1526 9
1502 7
1506 9
1510 5
1513 7
1517 9
1520 15
1553 17
1555 2
1558 1
2147 17
2149 2
2151 2
2155 12
2158 14
2162 13
2166 12
2168 3
2170 3
1560 18
1562 19
1564 3
1522 18
1526 9
1502 7
1506 9
1510 5
1513 7
1517 9
1520 15
1553 17
1555 2
1558 1
2147 17
2149 2
2151 2
2155 12
2158 14
2162 13
2166 12
2168 3
2170 3
1560 18
1562 19
1564 3
1522 18
1526 9
1502 7
1506 9
1510 5
1513 7
1517 9
1520 15
1553 17
1555 2
1558 1
2147 17
2149 2
2151 2
2155 12
2158 14
2162 13
2166 12
2168 3
2170 3
1560 18
1562 19
1564 3
1522 18
1526 9
1502 7
1506 9
1510 5
1513 7
1517 9
1520 15
1553 17
1555 2
1558 1
2147 17
2149 2
2151 2
2155 12
2158 14
2162 13
2166 12
2168 3
2170 3
1560 18
1562 19
1564 3
1522 18
1526 9
1502 7
1506 9
1510 5
1513 7
1517 9
1520 15
1553 17
1555 2
1558 1
2147 17
2149 2
2151 2
2155 12
2158 14
2162 13
2166 12
2168 3
2170 3
1560 18
1562 19
1564 3
1522 18
1526 9
1502 7
1506 9
1510 5
1513 7
1517 9
1520 15
1553 17
1555 2
1558 1
2147 17
2149 2
2151 2
2155 12
2158 14
2162 13
2166 12
2168 3
2170 3
1560 18
1562 19
1564 3
1522 18
1526 9
1502 7
1506 9
1510 5
1513 7
1517 9
1520 15
1553 17
1555 2
1558 1
2147 17
2149 2
2151 2
2155 12
2158 14
2162 13
2166 12
2168 3
2170 3
1560 18
1562 19
1564 3
1522 18
1526 9
1502 7
1506 9
1510 5
1513 7
1517 9
1520 15
1553 17
1555 2
1558 1
2147 17
2149 2
2151 2
C:\git\Synacor [main ↑3 +
